2.000000000000000000e+05
1.864787639811896661e+05
1.738716470797611692e+05
1.621168491940374079e+05
1.511567482911450788e+05
1.409376179437426908e+05
1.314093639630113612e+05
1.225252788368832262e+05
1.142418127697629679e+05
1.065183602013794298e+05
9.931706075828190660e+04
9.260261366224561061e+04
8.634210468581593886e+04
8.050484480672721111e+04
7.506221977027991670e+04
6.998754982223108527e+04
6.525595892460790492e+04
6.084425281334081228e+04
5.673080529995408142e+04
5.289545225996478985e+04
4.931939278832129639e+04
4.598509703734477080e+04
4.287622028539558960e+04
3.997752281502889673e+04
3.727479520788198715e+04
3.475478869008902984e+04
3.240515018677616172e+04
3.021436176727417114e+04
2.817168418420899980e+04
2.626710422969860520e+04
2.449128565059639004e+04
2.283552338216729913e+04
2.129170087585056899e+04
1.985225031192913229e+04
1.851011550206865650e+04
1.725871729987410799e+04
1.609192134990648810e+04
1.500400801706539642e+04
1.398964434893107136e+04
1.304385793362550430e+04
1.216201252504359400e+04
1.133978531596938046e+04
1.057314574767007434e+04
9.858335752092434632e+03
9.191851329808840092e+03
8.570425373408037558e+03
7.991011652130779112e+03
7.450769879243161995e+03
6.947051788947709611e+03
6.477388154581408344e+03
6.039476684463700622e+03
5.631170736060019408e+03
5.250468793137594730e+03
4.895504654330531594e+03
4.564538285018596071e+03
4.255947287675435291e+03
3.968218948874057332e+03
3.699942823963849605e+03
3.449803823069252758e+03
3.216575764517686821e+03
2.999115364095543555e+03
2.796356630667659374e+03
2.607305640687547111e+03
2.431035665982986757e+03
2.266682630933479686e+03
2.113440876770530849e+03
1.970559212237451447e+03
1.837337231248934586e+03
1.713121879499612078e+03
1.597304253191100543e+03
1.489316614184868740e+03
1.388629606949222989e+03
1.294749663657881001e+03
1.207216584719913044e+03
1.125601282880813187e+03
1.049503679836276888e+03
9.785507450478951341e+02
9.123946671470192769e+02
8.507111489630250389e+02
7.931978178182130250e+02
7.395727432965863954e+02
6.895730552206258608e+02
6.429536550613739792e+02
5.994860144651656810e+02
5.589570550073686945e+02
5.211681036817001313e+02
4.859339190049195167e+02
4.530817829628640538e+02
4.224506543465428194e+02
3.938903793279406500e+02
3.672609554057814307e+02
3.424318451131048846e+02
3.192813361224494884e+02
2.976959446118858637e+02
2.775698589671857803e+02
2.588044210931698217e+02
2.413076427916078899e+02
2.249937548349674614e+02
2.097827865255576398e+02
1.956001736790789209e+02
1.823763931109032512e+02
